# x l P_ref P_forward P_backward_exp abs_err_forward rel_err_forward abs_err_backward rel_err_backward
0.10000000000000001 0 1.00000000000000000e+00 1.00000000000000000e+00 1.00000000000000000e+00 0.00000000000000000e+00 0.00000000000000000e+00 0.00000000000000000e+00 0.00000000000000000e+00
0.10000000000000001 1 1.00000000000000006e-01 1.00000000000000006e-01 2.58436372806508441e+00 0.00000000000000000e+00 0.00000000000000000e+00 2.48436372806508432e+00 2.48436372806508423e+01
0.10000000000000001 2 -4.84999999999999987e-01 -4.84999999999999987e-01 -1.12345440790237255e-01 0.00000000000000000e+00 0.00000000000000000e+00 3.72654559209762759e-01 7.68359915896418055e-01
0.10000000000000001 3 -1.47500000000000020e-01 -1.47499999999999992e-01 -1.74163339217509572e+00 2.77555756156289135e-17 1.88173394004263787e-16 1.59413339217509575e+00 1.08076840147464104e+01
0.10000000000000001 4 3.37937500000000002e-01 3.37937500000000002e-01 -2.20526763037963841e-01 0.00000000000000000e+00 0.00000000000000000e+00 5.58464263037963815e-01 1.65256671141250622e+00
0.10000000000000001 5 1.78828750000000009e-01 1.78828750000000009e-01 1.35361189639324331e+00 0.00000000000000000e+00 0.00000000000000000e+00 1.17478314639324322e+00 6.56931923079059210e+00
0.10000000000000001 6 -2.48829312499999983e-01 -2.48829312499999983e-01 4.31934483537064484e-01 0.00000000000000000e+00 0.00000000000000000e+00 6.80763796037064495e-01 2.73586656329753986e+00
0.10000000000000001 7 -1.99492943750000012e-01 -1.99492943750000012e-01 -1.08002236425161069e+00 0.00000000000000000e+00 0.00000000000000000e+00 8.80529420501610649e-01 4.41383742176399974e+00
0.10000000000000001 8 1.80320721484375002e-01 1.80320721484374974e-01 -5.80446866392108518e-01 2.77555756156289135e-17 1.53923383775025357e-16 7.60767587876483464e-01 4.21896929878025606e+00
0.10000000000000001 9 2.11387641835937501e-01 2.11387641835937501e-01 8.50379915682922483e-01 0.00000000000000000e+00 0.00000000000000000e+00 6.38992273846984982e-01 3.02284593506615984e+00
0.10000000000000001 10 -1.22124997387109357e-01 -1.22124997387109330e-01 6.83974363732652968e-01 2.77555756156289135e-17 2.27271862513534785e-16 8.06099361119762325e-01 6.60060903473025107e+00
0.10000000000000001 11 -2.15485355715664073e-01 -2.15485355715664073e-01 -6.42495726635513797e-01 0.00000000000000000e+00 0.00000000000000000e+00 4.27010370919849724e-01 1.98162130090777877e+00
0.10000000000000001 12 7.06465544260146266e-02 7.06465544260145989e-02 -7.50121514360072017e-01 2.77555756156289135e-17 3.92879395762977242e-16 8.20768068786086658e-01 1.16179490345229066e+01
0.10000000000000001 13 2.12495434973308112e-01 2.12495434973308112e-01 4.48818841055845075e-01 0.00000000000000000e+00 0.00000000000000000e+00 2.36323406082536963e-01 1.11213403766637109e+00
0.10000000000000001 14 -2.46191095078755924e-02 -2.46191095078755647e-02 7.83099325537979896e-01 2.77555756156289135e-17 1.12739965703267919e-15 8.07718435045855498e-01 3.28085967036081598e+01
0.10000000000000001 15 -2.03088767146610172e-01 -2.03088767146610200e-01 -2.67498382048112604e-01 2.77555756156289135e-17 1.36667212104311555e-16 6.44096149015024322e-02 3.17150061061747479e-01
0.10000000000000001 16 -1.62680334710223577e-02 -1.62680334710223820e-02 -7.85983429213677920e-01 2.42861286636752993e-17 1.49287427438204360e-15 7.69715395742655573e-01 4.73145938083863058e+01
0.10000000000000001 17 1.87984456699493485e-01 1.87984456699493485e-01 9.91899291979214670e-02 0.00000000000000000e+00 0.00000000000000000e+00 8.87945275015720181e-02 4.72350369070759835e-01
0.10000000000000001 18 5.19167870808670689e-02 5.19167870808670967e-02 7.61604613823625098e-01 2.77555756156289135e-17 5.34616588896305122e-16 7.09687826742757988e-01 1.36697177665738057e+01
0.10000000000000001 19 -1.67980426757456558e-01 -1.67980426757456558e-01 5.43430708202540316e-02 0.00000000000000000e+00 0.00000000000000000e+00 2.22323497577710583e-01 1.32350835075993012e+00
0.10000000000000001 20 -8.20771309445277458e-02 -8.20771309445277736e-02 -7.12927484322494309e-01 2.77555756156289135e-17 3.38164544693791291e-16 6.30850353377966577e-01 7.68606731397970133e+00
0.10000000000000001 21 1.43956776108407958e-01 1.43956776108407958e-01 -1.90945909625109905e-01 0.00000000000000000e+00 0.00000000000000000e+00 3.34902685733517891e-01 2.32641140477691977e+00
0.10000000000000001 22 1.06483358504601680e-01 1.06483358504601680e-01 6.43200443608382244e-01 0.00000000000000000e+00 0.00000000000000000e+00 5.36717085103780578e-01 5.04038464452251755e+00
0.10000000000000001 23 -1.16864085265837719e-01 -1.16864085265837719e-01 3.08487478608266918e-01 0.00000000000000000e+00 0.00000000000000000e+00 4.25351563874104666e-01 3.63971157525883182e+00
0.10000000000000001 24 -1.24932435264803160e-01 -1.24932435264803174e-01 -5.55988293897247354e-01 1.38777878078144568e-17 1.11082344456021384e-16 4.31055858632444222e-01 3.45031182429759520e+00
0.10000000000000001 25 8.77027645433027941e-02 8.77027645433027941e-02 -4.05121685067796777e-01 0.00000000000000000e+00 0.00000000000000000e+00 4.92824449611099558e-01 5.61925786692584772e+00
0.10000000000000001 26 1.37330576184266279e-01 1.37330576184266279e-01 4.55137952060977791e-01 0.00000000000000000e+00 0.00000000000000000e+00 3.17807375876711484e-01 2.31417783793673548e+00
0.10000000000000001 27 -5.74970305314541213e-02 -5.74970305314541283e-02 4.79459072506885076e-01 6.93889390390722838e-18 1.20682648125823854e-16 5.36956103038339183e-01 9.33884929491435045e+00
0.10000000000000001 28 -1.43719972317792405e-01 -1.43719972317792405e-01 -3.44703564530661866e-01 0.00000000000000000e+00 0.00000000000000000e+00 2.00983592212869461e-01 1.39843884584430778e+00
0.10000000000000001 29 2.72659659541137460e-02 2.72659659541137564e-02 -5.30678080966122567e-01 1.04083408558608426e-17 3.81733802256526560e-16 5.57944046920236358e-01 2.04630214773688124e+01
0.10000000000000001 30 1.44291613211508352e-01 1.44291613211508352e-01 2.28846756456302397e-01 0.00000000000000000e+00 0.00000000000000000e+00 8.45551432447940454e-02 5.86001787372421812e-01
0.10000000000000001 31 2.00644716021899060e-03 2.00644716021897672e-03 5.58590569140874793e-01 1.38777878078144568e-17 6.91659769714532936e-15 5.56584121980655766e-01 2.77397846808937743e+02
0.10000000000000001 32 -1.39387481013980602e-01 -1.39387481013980602e-01 -1.11722777017433217e-01 0.00000000000000000e+00 0.00000000000000000e+00 2.76647039965473851e-02 1.98473376484740449e-01
0.10000000000000001 33 -2.94007556278145961e-02 -2.94007556278145787e-02 -5.63669583730948665e-01 1.73472347597680709e-17 5.90026833982345395e-16 5.34268828103134030e-01 1.81719420706891235e+01
0.10000000000000001 34 1.29494170904558892e-01 1.29494170904558892e-01 -2.63925204182530486e-03 0.00000000000000000e+00 0.00000000000000000e+00 1.32133422946384194e-01 1.02038124205428904e+00
0.10000000000000001 35 5.40895848739186488e-02 5.40895848739186280e-02 5.47044428793247550e-01 2.08166817117216851e-17 3.84855638294226197e-16 4.92954843919328922e-01 9.11367401078032380e+00
0.10000000000000001 36 -1.15229442473742741e-01 -1.15229442473742755e-01 1.10455257385998429e-01 1.38777878078144568e-17 1.20436127346331471e-16 2.25684699859741156e-01 1.95856801017819548e+00
0.10000000000000001 37 -7.53621617707944114e-02 -7.53621617707943975e-02 -5.10466920476733033e-01 1.38777878078144568e-17 1.84147952788591666e-16 4.35104758705938621e-01 5.77351748519716157e+00
0.10000000000000001 38 9.73229778486190411e-02 9.73229778486190550e-02 -2.08298590180458931e-01 1.38777878078144568e-17 1.42595182705985974e-16 3.05621568029077972e-01 3.14028171748358176e+00
0.10000000000000001 39 9.26448481211424174e-02 9.26448481211424035e-02 4.56252405992982557e-01 1.38777878078144568e-17 1.49795569740347121e-16 3.63607557871840126e-01 3.92474665613771467e+00
0.10000000000000001 40 -7.65925458984779289e-02 -7.65925458984779428e-02 2.93200975609561543e-01 1.38777878078144568e-17 1.81189796539851536e-16 3.69793521508039458e-01 4.82806149306218746e+00
0.10000000000000001 41 -1.05516915771301664e-01 -1.05516915771301636e-01 -3.87199227738581786e-01 2.77555756156289135e-17 2.63043848588093722e-16 2.81682311967280108e-01 2.66954648843035702e+00
0.10000000000000001 42 5.39167614508521756e-02 5.39167614508521895e-02 -3.62737942624339338e-01 1.38777878078144568e-17 2.57392829880273013e-16 4.16654704075191507e-01 7.72773981343432670e+00
0.10000000000000001 43 1.13720998482021246e-01 1.13720998482021232e-01 3.06490582621245344e-01 1.38777878078144568e-17 1.22033643681104949e-16 1.92769584139224098e-01 1.69510984525606379e+00
0.10000000000000001 44 -3.02056376271149681e-02 -3.02056376271149889e-02 4.15095445492077886e-01 2.08166817117216851e-17 6.89165445494022117e-16 4.45301083119192864e-01 1.47423169348842151e+01
0.10000000000000001 45 -1.17167869068672395e-01 -1.17167869068672381e-01 -2.17583026010117864e-01 1.38777878078144568e-17 1.18443630648267990e-16 1.00415156941445469e-01 8.57019571488424670e-01
0.10000000000000001 46 6.37013227598379889e-03 6.37013227598381970e-03 -4.49115230083382111e-01 2.08166817117216851e-17 3.26785705694106202e-15 4.55485362359365931e-01 7.15032816628632872e+01
0.10000000000000001 47 1.15935408666501691e-01 1.15935408666501677e-01 1.24086118227446099e-01 1.38777878078144568e-17 1.19702754899800490e-16 8.15070956094440802e-03 7.03038843326169172e-02
0.10000000000000001 48 1.67081284450109925e-02 1.67081284450109682e-02 4.64317373689160373e-01 2.42861286636752993e-17 1.45355170949305689e-15 4.47609245244149356e-01 2.67899092778284462e+01
0.10000000000000001 49 -1.10261852450519893e-01 -1.10261852450519879e-01 -2.96378602067868709e-02 1.38777878078144568e-17 1.25862095542446353e-16 8.06239922437330253e-02 7.31204768030839225e-01
0.10000000000000001 50 -3.82058126613137108e-02 -3.82058126613136831e-02 -4.60899322536320988e-01 2.77555756156289135e-17 7.26475205793320138e-16 4.22693509875007256e-01 1.10635916482681331e+01

0.5 0 1.00000000000000000e+00 1.00000000000000000e+00 1.00000000000000000e+00 0.00000000000000000e+00 0.00000000000000000e+00 0.00000000000000000e+00 0.00000000000000000e+00
0.5 1 5.00000000000000000e-01 5.00000000000000000e-01 -7.37888378587042393e+00 0.00000000000000000e+00 0.00000000000000000e+00 7.87888378587042393e+00 1.57577675717408479e+01
0.5 2 -1.25000000000000000e-01 -1.25000000000000000e-01 -6.03416283940281772e+00 0.00000000000000000e+00 0.00000000000000000e+00 5.90916283940281772e+00 4.72733027152225418e+01
0.5 3 -4.37500000000000000e-01 -4.37500000000000000e-01 -1.09213175588731490e-01 0.00000000000000000e+00 0.00000000000000000e+00 3.28286824411268496e-01 7.50369884368613738e-01
0.5 4 -2.89062500000000000e-01 -2.89062500000000000e-01 4.43006060091197362e+00 0.00000000000000000e+00 0.00000000000000000e+00 4.71912310091197362e+00 1.63256150518035845e+01
0.5 5 8.98437500000000000e-02 8.98437500000000000e-02 4.07442508129176151e+00 0.00000000000000000e+00 0.00000000000000000e+00 3.98458133129176151e+00 4.43501226439430880e+01
0.5 6 3.23242187500000000e-01 3.23242187500000000e-01 4.31724904241365601e-02 0.00000000000000000e+00 0.00000000000000000e+00 2.80069697075863433e-01 8.66439183702973237e-01
0.5 7 2.23144531250000000e-01 2.23144531250000000e-01 -3.45227561428481167e+00 0.00000000000000000e+00 0.00000000000000000e+00 3.67542014553481167e+00 1.64710294486986761e+01
0.5 8 -7.36389160156250000e-02 -7.36389160156250000e-02 -3.27428431751313020e+00 0.00000000000000000e+00 0.00000000000000000e+00 3.20064540149750520e+00 4.34640482868919378e+01
0.5 9 -2.67898559570312500e-01 -2.67898559570312500e-01 -2.36901982870126974e-02 0.00000000000000000e+00 0.00000000000000000e+00 2.44208361283299813e-01 9.11570266279110086e-01
0.5 10 -1.88228607177734375e-01 -1.88228607177734375e-01 2.92435019738915525e+00 0.00000000000000000e+00 0.00000000000000000e+00 3.11257880456688962e+00 1.65361623359824641e+01
0.5 11 6.38713836669921875e-02 6.38713836669921875e-02 2.81296173231420532e+00 0.00000000000000000e+00 0.00000000000000000e+00 2.74909034864721313e+00 4.30410332580269994e+01
0.5 12 2.33752965927124023e-01 2.33752965927124023e-01 1.51006458610540156e-02 0.00000000000000000e+00 0.00000000000000000e+00 2.18652320066069994e-01 9.35399126162267058e-01
0.5 13 1.65804266929626465e-01 1.65804266929626465e-01 -2.58206020880825271e+00 0.00000000000000000e+00 0.00000000000000000e+00 2.74786447573787918e+00 1.65729418586324790e+01
0.5 14 -5.71736395359039307e-02 -5.71736395359039307e-02 -2.50386580107893719e+00 0.00000000000000000e+00 0.00000000000000000e+00 2.44669216154303326e+00 4.27940600144330219e+01
0.5 15 -2.10018500685691833e-01 -2.10018500685691833e-01 -1.04807461552698412e-02 0.00000000000000000e+00 0.00000000000000000e+00 1.99537754530421996e-01 9.50096081435439554e-01
0.5 16 -1.49855135474354029e-01 -1.49855135474354029e-01 2.33722096567358584e+00 0.00000000000000000e+00 0.00000000000000000e+00 2.48707610114793987e+00 1.65965356694337238e+01
0.5 17 5.22168397437781096e-02 5.22168397437781096e-02 2.27834340424108728e+00 0.00000000000000000e+00 0.00000000000000000e+00 2.22612656449730917e+00 4.26323495527621077e+01
0.5 18 1.92296222143340856e-01 1.92296222143340856e-01 7.68073098711466885e-03 0.00000000000000000e+00 0.00000000000000000e+00 1.84615491156226191e-01 9.60057816521276641e-01
0.5 19 1.37767210224410519e-01 1.37767210224410519e-01 -2.15095198700410251e+00 0.00000000000000000e+00 0.00000000000000000e+00 2.28871919722851302e+00 1.66129458054670138e+01
0.5 20 -4.83583810673735570e-02 -4.83583810673735570e-02 -2.10447488176675890e+00 0.00000000000000000e+00 0.00000000000000000e+00 2.05611650069938534e+00 4.25183071748157957e+01
0.5 21 -1.78413857922350871e-01 -1.78413857922350871e-01 -5.84263505411928858e-03 0.00000000000000000e+00 0.00000000000000000e+00 1.72571222868231594e-01 9.67252347311148286e-01
0.5 22 -1.28198724677986320e-01 -1.28198724677986320e-01 2.00310708470174426e+00 0.00000000000000000e+00 0.00000000000000000e+00 2.13130580937973058e+00 1.66250156913277642e+01
0.5 23 4.52449377842185640e-02 4.52449377842185640e-02 1.96514988595564644e+00 0.00000000000000000e+00 0.00000000000000000e+00 1.91990494817142787e+00 4.24335857710272037e+01
0.5 24 1.67159446063450901e-01 1.67159446063450901e-01 4.56497382573199488e-03 0.00000000000000000e+00 0.00000000000000000e+00 1.62594472237718918e-01 9.72690901212970083e-01
0.5 25 1.20381116869332061e-01 1.20381116869332061e-01 -1.88207021616820303e+00 0.00000000000000000e+00 0.00000000000000000e+00 2.00245133303753509e+00 1.66342644520494041e+01
0.5 26 -4.26641412083963445e-02 -4.26641412083963445e-02 -1.85026595607432598e+00 0.00000000000000000e+00 0.00000000000000000e+00 1.80760181486592963e+00 4.23681753263603014e+01
0.5 27 -1.57796621504634693e-01 -1.57796621504634693e-01 -3.63785983690226690e-03 0.00000000000000000e+00 0.00000000000000000e+00 1.54158761667732430e-01 9.76945895278274912e-01
0.5 28 -1.13838402812526884e-01 -1.13838402812526898e-01 1.78061213101757088e+00 1.38777878078144568e-17 1.21907787398149722e-16 1.89445053383009787e+00 1.66415768934315267e+01
0.5 29 4.04796869645777657e-02 4.04796869645777518e-02 1.75342433825634592e+00 1.38777878078144568e-17 3.42833377638477802e-16 1.71294465129176809e+00 4.23161536004638776e+01
0.5 30 1.49848814900610805e-01 1.49848814900610805e-01 2.94220596842166560e-03 0.00000000000000000e+00 0.00000000000000000e+00 1.46906608932189153e-01 9.80365503922249193e-01
0.5 31 1.08258007920364385e-01 1.08258007920364427e-01 -1.69396751179527483e+00 4.16333634234433703e-17 3.84575369741416892e-16 1.80222551971563916e+00 1.66475030747043995e+01
0.5 32 -3.85995628883580022e-02 -3.85995628883579883e-02 -1.67034953145538223e+00 1.38777878078144568e-17 3.59532252941655202e-16 1.63174996856702426e+00 4.22737939620341052e+01
0.5 33 -1.42992183252221072e-01 -1.42992183252221100e-01 -2.40604226821593574e-03 2.77555756156289135e-17 1.94105544683316055e-16 1.40586140984005126e-01 9.83173609819132710e-01
0.5 34 -1.03425075400987998e-01 -1.03425075400988040e-01 1.61885094476595248e+00 4.16333634234433703e-17 4.02546125898648907e-16 1.72227602016694048e+00 1.66524028480475046e+01
0.5 35 3.69591179783265930e-02 3.69591179783265653e-02 1.59806180090127725e+00 2.77555756156289135e-17 7.50980465278019277e-16 1.56110268292295062e+00 4.22386346946484394e+01
0.5 36 1.36997953535143713e-01 1.36997953535143741e-01 1.98363514408337075e-03 2.77555756156289135e-17 2.02598468804928911e-16 1.35014318391060345e-01 9.85520695069547092e-01
0.5 37 9.91864069408915916e-02 9.91864069408916194e-02 -1.55291411215370112e+00 2.77555756156289135e-17 2.79832453575713909e-16 1.65210051909459277e+00 1.66565214937076327e+01
0.5 38 -3.55114215925495594e-02 -3.55114215925495386e-02 -1.53441246594986525e+00 2.08166817117216851e-17 5.86196800301824813e-16 1.49890104435731564e+00 4.22089845220894020e+01
0.5 39 -1.31699312694026627e-01 -1.31699312694026655e-01 -1.64470967254276373e-03 2.77555756156289135e-17 2.10749585915552015e-16 1.30054603021483861e-01 9.87511630555249154e-01
0.5 40 -9.54294352326154754e-02 -9.54294352326155310e-02 1.49442800349948257e+00 5.55111512312578270e-17 5.81698415126797908e-16 1.58985743873209806e+00 1.66600319372813708e+01
0.5 41 3.42214727034180141e-02 3.42214727034179864e-02 1.47780786655196961e+00 2.77555756156289135e-17 8.11057310600683462e-16 1.44358639384855159e+00 4.21836431868219179e+01
0.5 42 1.26971380041168619e-01 1.26971380041168647e-01 1.36853139114176685e-03 2.77555756156289135e-17 2.18597101225721668e-16 1.25602848650026855e-01 9.89221733348900845e-01
0.5 43 9.20693441443281302e-02 9.20693441443281718e-02 -1.44208762351300468e+00 4.16333634234433703e-17 4.52195720631818631e-16 1.53415696765733278e+00 1.66630595874820671e+01
0.5 44 -3.30625652611812870e-02 -3.30625652611812801e-02 -1.42703769255988178e+00 6.93889390390722838e-18 2.09871613079405370e-16 1.39397512729870043e+00 4.21617353731280105e+01
0.5 45 -1.22718562143844565e-01 -1.22718562143844578e-01 -1.14048631872305252e-03 1.38777878078144568e-17 1.13086297340638713e-16 1.21578075825121507e-01 9.90706488906003990e-01
0.5 46 -8.90408508867776005e-02 -8.90408508867776283e-02 1.39488704429766908e+00 2.77555756156289135e-17 3.11717322321215181e-16 1.48392789518444657e+00 1.66656976029056239e+01
0.5 47 3.20139211145040736e-02 3.20139211145040598e-02 1.38116404107452917e+00 1.38777878078144568e-17 4.33492284752555734e-16 1.34915011996002510e+00 4.21426077466276254e+01
0.5 48 1.18866275929531057e-01 1.18866275929531084e-01 9.50018105201871476e-04 2.77555756156289135e-17 2.33502525410012760e-16 1.17916257824329185e-01 9.92007673347442220e-01
0.5 49 8.62927789609400087e-02 8.62927789609400503e-02 -1.35203669578520635e+00 4.16333634234433703e-17 4.82466365375583769e-16 1.43832947474614636e+00 1.66680166297251695e+01
0.5 50 -3.10590992396098213e-02 -3.10590992396098109e-02 -1.33944734657045217e+00 1.04083408558608426e-17 3.35114060313347232e-16 1.30838824733084236e+00 4.21257627994004551e+01

0.90000000000000002 0 1.00000000000000000e+00 1.00000000000000000e+00 1.00000000000000000e+00 0.00000000000000000e+00 0.00000000000000000e+00 0.00000000000000000e+00 0.00000000000000000e+00
0.90000000000000002 1 9.00000000000000022e-01 9.00000000000000022e-01 8.11651483658308637e-01 0.00000000000000000e+00 0.00000000000000000e+00 8.83485163416913855e-02 9.81650181574348635e-02
0.90000000000000002 2 7.15000000000000080e-01 7.15000000000000080e-01 5.95729502938716848e-01 0.00000000000000000e+00 0.00000000000000000e+00 1.19270497061283232e-01 1.66811884001794725e-01
0.90000000000000002 3 4.72500000000000087e-01 4.72500000000000087e-01 3.52493265302536107e-01 0.00000000000000000e+00 0.00000000000000000e+00 1.20006734697463979e-01 2.53982507296220017e-01
0.90000000000000002 4 2.07937500000000136e-01 2.07937499999999997e-01 1.08379765647456730e-01 1.38777878078144568e-16 6.67401878343946979e-16 9.95577343525434061e-02 4.78786819849922884e-01
0.90000000000000002 5 -4.11412499999998585e-02 -4.11412500000000875e-02 -1.06419391893148974e-01 2.28983498828938536e-16 5.56578856570812289e-15 6.52781418931491220e-02 1.58668348417098048e+00
0.90000000000000002 6 -2.41164312499999867e-01 -2.41164312500000116e-01 -2.65908467996576414e-01 2.49800180540660222e-16 1.03580906292119959e-15 2.47441554965765476e-02 1.02602890286997012e-01
0.90000000000000002 7 -3.67824993749999940e-01 -3.67824993750000162e-01 -3.53230389171578618e-01 2.22044604925031308e-16 6.03669159785124997e-16 1.45946045784213219e-02 3.96781209173100793e-02
0.90000000000000002 8 -4.09685903515625005e-01 -4.09685903515625172e-01 -3.63406372230034636e-01 1.66533453693773481e-16 4.06490563294233710e-16 4.62795312855903695e-02 1.12963445626157150e-01
0.90000000000000002 9 -3.69510485976562608e-01 -3.69510485976562664e-01 -3.03808264638544545e-01 5.55111512312578270e-17 1.50228892921806815e-16 6.57022213380180631e-02 1.77808814178511410e-01
0.90000000000000002 10 -2.63145617855859548e-01 -2.63145617855859604e-01 -1.92446397524880131e-01 5.55111512312578270e-17 2.10952216052727780e-16 7.06992203309794176e-02 2.68669571270252261e-01
0.90000000000000002 11 -1.16213392519101760e-01 -1.16213392519101871e-01 -5.44685697122535423e-02 1.11022302462515654e-16 9.55331395598550608e-16 6.17448228068482180e-02 5.31305570454793763e-01
0.90000000000000002 12 4.07487142724206816e-02 4.07487142724205845e-02 8.24509149775027594e-02 9.71445146547011973e-17 2.38398968873601997e-15 4.17022007050820778e-02 1.02339917834675664e+00
0.90000000000000002 13 1.77800521642975884e-01 1.77800521642975828e-01 1.92982186426219587e-01 5.55111512312578270e-17 3.12210283289969351e-16 1.51816647832437035e-02 8.53859406201773891e-02
0.90000000000000002 14 2.70772813598774698e-01 2.70772813598774698e-01 2.58400373960685770e-01 0.00000000000000000e+00 0.00000000000000000e+00 1.23724396380889279e-02 4.56930645054423462e-02
0.90000000000000002 15 3.05197542128423760e-01 3.05197542128423871e-01 2.69499943360454963e-01 1.11022302462515654e-16 3.63771941570219781e-16 3.56975987679687967e-02 1.16965551291850309e-01
0.90000000000000002 16 2.78338701337587702e-01 2.78338701337587868e-01 2.27690175646650506e-01 1.66533453693773481e-16 5.98312246530857501e-16 5.06485256909371961e-02 1.81967241520995998e-01
0.90000000000000002 17 1.99029338568916164e-01 1.99029338568916359e-01 1.44141124878720051e-01 1.94289029309402395e-16 9.76182861815257587e-16 5.48882136901961137e-02 2.75779511125644639e-01
0.90000000000000002 18 8.54259023434371378e-02 8.54259023434373183e-02 3.72062470937012668e-02 1.80411241501587938e-16 2.11190325829140110e-15 4.82196552497358710e-02 5.64461760741826746e-01
0.90000000000000002 19 -3.88339761160018115e-02 -3.88339761160016519e-02 -7.13459062945636102e-02 1.59594559789866253e-16 4.10966312883177040e-15 3.25119301785617987e-02 8.37203228467893856e-01
0.90000000000000002 20 -1.49308235309848464e-01 -1.49308235309848353e-01 -1.60558000285975361e-01 1.11022302462515654e-16 7.43577889271272907e-16 1.12497649761268970e-02 7.53459107783377297e-02
0.90000000000000002 21 -2.25371160029208206e-01 -2.25371160029208123e-01 -2.14174861174343700e-01 8.32667268468867405e-17 3.69464872240509089e-16 1.11962988548645059e-02 4.96793771368681802e-02
0.90000000000000002 22 -2.53926861437433649e-01 -2.53926861437433593e-01 -2.23493141883709973e-01 5.55111512312578270e-17 2.18610787834809304e-16 3.04337195537236760e-02 1.19852304641753699e-01
0.90000000000000002 23 -2.31559668155368770e-01 -2.31559668155368742e-01 -1.88679360889334485e-01 2.77555756156289135e-17 1.19863600758858634e-16 4.28803072660342843e-02 1.85180379673298867e-01
0.90000000000000002 24 -1.64777339579630255e-01 -1.64777339579630255e-01 -1.18366445928896641e-01 0.00000000000000000e+00 0.00000000000000000e+00 4.64108936507336145e-02 2.81658229032791863e-01
0.90000000000000002 25 -6.83699455893137381e-02 -6.83699455893138075e-02 -2.76662241648125765e-02 6.93889390390722838e-17 1.01490411380286101e-15 4.07037214245011617e-02 5.95345236472781036e-01
0.90000000000000002 26 3.77404994977405955e-02 3.77404994977404915e-02 6.49723638099045653e-02 1.04083408558608426e-16 2.75787045597633321e-15 2.72318643121639697e-02 7.21555482162981265e-01
0.90000000000000002 27 1.32512607828310508e-01 1.32512607828310397e-01 1.41426058593243531e-01 1.11022302462515654e-16 8.37824447665850079e-16 8.91345076493302302e-03 6.72649260399561660e-02
0.90000000000000002 28 1.97870735752227633e-01 1.97870735752227550e-01 1.87369145624933287e-01 8.32667268468867405e-17 4.20813752626627699e-16 1.05015901272943468e-02 5.30729826589636036e-02
0.90000000000000002 29 2.22083300858502891e-01 2.22083300858502863e-01 1.94900259653388253e-01 2.77555756156289135e-17 1.24978219921690430e-16 2.71830412051146386e-02 1.22400203437330546e-01
0.90000000000000002 30 2.01812397959063416e-01 2.01812397959063416e-01 1.63849952149061756e-01 0.00000000000000000e+00 0.00000000000000000e+00 3.79624458100016604e-02 1.88107599899299260e-01
0.90000000000000002 31 1.42483923296693404e-01 1.42483923296693432e-01 1.01559825270381973e-01 2.77555756156289135e-17 1.94797946136236352e-16 4.09240980263114312e-02 2.87219056574512133e-01
0.90000000000000002 32 5.69579410684859302e-02 5.69579410684860066e-02 2.12216742565544784e-02 7.63278329429795122e-17 1.34007359660707064e-15 3.57362668119314553e-02 6.27415003800126048e-01
0.90000000000000002 33 -3.71953331208412716e-02 -3.71953331208411675e-02 -6.08620140801147264e-02 1.04083408558608426e-16 2.79829214650287544e-15 2.36666809592734548e-02 6.36280924877980270e-01
0.90000000000000002 34 -1.21249724777846013e-01 -1.21249724777845902e-01 -1.28538079396976951e-01 1.11022302462515654e-16 9.15649933770414153e-16 7.28835461913093785e-03 6.01102776314311263e-02
0.90000000000000002 35 -1.78999045217018121e-01 -1.78999045217018010e-01 -1.68940178623667669e-01 1.11022302462515654e-16 6.20239634953987680e-16 1.00588665933504517e-02 5.61950851813488722e-02
0.90000000000000002 36 -1.99841628392856879e-01 -1.99841628392856768e-01 -1.74901239865504737e-01 1.11022302462515654e-16 5.55551430176817121e-16 2.49403885273521420e-02 1.24800767127073761e-01
0.90000000000000002 37 -1.80692685340487713e-01 -1.80692685340487630e-01 -1.46193649424638528e-01 8.32667268468867405e-17 4.60819577117819314e-16 3.44990359158491855e-02 1.90926577082193627e-01
0.90000000000000002 38 -1.26384631840716216e-01 -1.26384631840716188e-01 -8.93875121352480373e-02 2.77555756156289135e-17 2.19611951321815261e-16 3.69971197054681789e-02 2.92734323521992856e-01
0.90000000000000002 39 -4.85162293236692452e-02 -4.85162293236692452e-02 -1.63896387906775701e-02 0.00000000000000000e+00 0.00000000000000000e+00 3.21265905329916751e-02 6.62182345595401012e-01
0.90000000000000002 40 3.69874184218762156e-02 3.69874184218761948e-02 5.80202413814374582e-02 2.08166817117216851e-17 5.62804396735341043e-16 2.10328229595612426e-02 5.68648039170026931e-01
0.90000000000000002 41 1.13098340875647463e-01 1.13098340875647435e-01 1.19152710934973025e-01 2.77555756156289135e-17 2.45410988355226095e-16 6.05437005932556171e-03 5.35319087128111812e-02
0.90000000000000002 42 1.65046712097950965e-01 1.65046712097950937e-01 1.55282800242941638e-01 2.77555756156289135e-17 1.68168000821226260e-16 9.76391185500932735e-03 5.91584753849243444e-02
0.90000000000000002 43 1.83161468807350153e-01 1.83161468807350097e-01 1.59877217658515536e-01 5.55111512312578270e-17 3.03072210507574809e-16 2.32842511488346171e-02 1.27124177920439535e-01
0.90000000000000002 44 1.64648508804627836e-01 1.64648508804627752e-01 1.32755130277619898e-01 8.32667268468867405e-17 5.05724148074071933e-16 3.18933785270079373e-02 1.93705845006180211e-01
0.90000000000000002 45 1.13983131727272979e-01 1.13983131727272910e-01 7.99797412947260283e-02 6.93889390390722838e-17 6.08764981164923073e-16 3.40033904325469510e-02 2.98319496203234169e-01
0.90000000000000002 46 4.18703389620740038e-02 4.18703389620739691e-02 1.25295641205470966e-02 3.46944695195361419e-17 8.28616877235272985e-16 2.93407748415269072e-02 7.00753219793698645e-01
0.90000000000000002 47 -3.69931210282758022e-02 -3.69931210282758022e-02 -5.59647570780341455e-02 0.00000000000000000e+00 0.00000000000000000e+00 1.89716360497583433e-02 5.12842266951666903e-01
0.90000000000000002 48 -1.06892037065313736e-01 -1.06892037065313694e-01 -1.11955755079950689e-01 4.16333634234433703e-17 3.89489849445046433e-16 5.06371801463695315e-03 4.73722660140052654e-02
0.90000000000000002 49 -1.54204184213156154e-01 -1.54204184213156070e-01 -1.44641409770082802e-01 8.32667268468867405e-17 5.39977091229815792e-16 9.56277444307335189e-03 6.20137157228804331e-02
0.90000000000000002 50 -1.70037659943836794e-01 -1.70037659943836711e-01 -1.48034352231935895e-01 8.32667268468867405e-17 4.89695793710579356e-16 2.20033077119008991e-02 1.29402555405482289e-01

0.98999999999999999 0 1.00000000000000000e+00 1.00000000000000000e+00 1.00000000000000000e+00 0.00000000000000000e+00 0.00000000000000000e+00 0.00000000000000000e+00 0.00000000000000000e+00
0.98999999999999999 1 9.89999999999999991e-01 9.89999999999999991e-01 8.74291065219817587e-01 0.00000000000000000e+00 0.00000000000000000e+00 1.15708934780182404e-01 1.16877711899174147e-01
0.98999999999999999 2 9.70149999999999957e-01 9.70149999999999846e-01 7.98322231851429143e-01 1.11022302462515654e-16 1.14438285278065931e-16 1.71827768148570814e-01 1.77114640157265191e-01
0.98999999999999999 3 9.40747499999999959e-01 9.40747499999999737e-01 7.34370972408313061e-01 2.22044604925031308e-16 2.36029970767959855e-16 2.06376527591686898e-01 2.19375047599581097e-01
0.98999999999999999 4 9.02232543749999949e-01 9.02232543749999505e-01 6.73556035808830500e-01 4.44089209850062616e-16 4.92211473556772462e-16 2.28676507941169449e-01 2.53456284109092767e-01
0.98999999999999999 5 8.55180392962499925e-01 8.55180392962499480e-01 6.12780077884685581e-01 4.44089209850062616e-16 5.19293021103602554e-16 2.42400315077814343e-01 2.83449336622529080e-01
0.98999999999999999 6 8.00291960101937372e-01 8.00291960101937039e-01 5.50899144853345679e-01 3.33066907387546962e-16 4.16181748652232495e-16 2.49392815248591693e-01 3.11627290641312005e-01
0.98999999999999999 7 7.38382166962419206e-01 7.38382166962418873e-01 4.87627360993492132e-01 3.33066907387546962e-16 4.51076586475169842e-16 2.50754805968927075e-01 3.39600300750071527e-01
0.98999999999999999 8 6.70366432334795426e-01 6.70366432334795204e-01 4.23121537097492340e-01 2.22044604925031308e-16 3.31228704503714536e-16 2.47244895237303086e-01 3.68820518617232418e-01
0.98999999999999999 9 5.97245524499472547e-01 5.97245524499472324e-01 3.57790731266984352e-01 2.22044604925031308e-16 3.71781111480270959e-16 2.39454793232488194e-01 4.00931917293420703e-01
0.98999999999999999 10 5.20089042482192010e-01 5.20089042482191677e-01 2.92194982125454361e-01 3.33066907387546962e-16 6.40403623575575115e-16 2.27894060356737649e-01 4.38182775912916489e-01
0.98999999999999999 11 4.40017813473640551e-01 4.40017813473640163e-01 2.26984215065304723e-01 3.88578058618804789e-16 8.83096199108954280e-16 2.13033598408335828e-01 4.84147668310473289e-01
0.98999999999999999 12 3.58185512124223615e-01 3.58185512124223226e-01 1.62857147804749247e-01 3.88578058618804789e-16 1.08485141209184535e-15 1.95328364319474368e-01 5.45327372849552461e-01
0.98999999999999999 13 2.75759820260834454e-01 2.75759820260834010e-01 1.00531063644914417e-01 4.44089209850062616e-16 1.61042029049050562e-15 1.75228756615920023e-01 6.35439769471039861e-01
0.98999999999999999 14 1.93903452711228441e-01 1.93903452711227969e-01 4.07180292690587226e-02 4.71844785465691530e-16 2.43340063762757453e-15 1.53185423442169732e-01 7.90008745591043171e-01
0.98999999999999999 15 1.13755376245845696e-01 1.13755376245845266e-01 -1.58946847142750584e-02 4.30211422042248159e-16 3.78189968896489245e-15 1.29650060960120744e-01 1.13972688798394728e+00
0.98999999999999999 16 3.64125441447861325e-02 3.64125441447857301e-02 -6.86611445573114126e-02 4.02455846426619246e-16 1.10526703332331256e-14 1.05073688702097545e-01 2.88564535024787361e+00
0.98999999999999999 17 -3.70875413366687223e-02 -3.70875413366690831e-02 -1.16990861015233094e-01 3.60822483003175876e-16 9.72894050127901153e-15 7.99033196785643718e-02 2.15445178620032651e+00
0.98999999999999999 18 -1.05783142098718627e-01 -1.05783142098718946e-01 -1.60360770927974045e-01 3.19189119579732505e-16 3.01739117639235734e-15 5.45776288292554174e-02 5.15938813561830578e-01
0.98999999999999999 19 -1.68803197421896145e-01 -1.68803197421896423e-01 -1.98325238990394420e-01 2.77555756156289135e-16 1.64425650932774482e-15 2.95220415684982751e-02 1.74890298403013844e-01
0.98999999999999999 20 -2.25380587629187779e-01 -2.25380587629188056e-01 -2.30524141489381107e-01 2.77555756156289135e-16 1.23149805879885115e-15 5.14355386019332839e-03 2.28216365672800105e-02
0.98999999999999999 21 -2.74863528734800466e-01 -2.74863528734800688e-01 -2.56689053487908991e-01 2.22044604925031308e-16 8.07835822915847820e-16 1.81744752468914750e-02 6.61218144529714946e-02
0.98999999999999999 22 -3.16724912637614153e-01 -3.16724912637614375e-01 -2.76647547077422007e-01 2.22044604925031308e-16 7.01064539179736581e-16 4.00773655601921464e-02 1.26536827262613533e-01
0.98999999999999999 23 -3.50569444601743496e-01 -3.50569444601743663e-01 -2.90325610676745727e-01 1.66533453693773481e-16 4.75036989840800448e-16 6.02438339249977695e-02 1.71845649564343561e-01
0.98999999999999999 24 -3.76138469443916656e-01 -3.76138469443916768e-01 -2.97748211750344716e-01 1.11022302462515654e-16 2.95163381258638846e-16 7.83902576935719408e-02 2.08407977544716821e-01
0.98999999999999999 25 -3.93312419291302118e-01 -3.93312419291302173e-01 -2.99038043830692934e-01 5.55111512312578270e-17 1.41137549969262882e-16 9.42743754606091833e-02 2.39693360383786913e-01
0.98999999999999999 26 -4.02110858227689494e-01 -4.02110858227689605e-01 -2.94412520740502670e-01 1.11022302462515654e-16 2.76098742898533880e-16 1.07698337487186824e-01 2.67832452875978289e-01
0.98999999999999999 27 -4.02690141838259741e-01 -4.02690141838259907e-01 -2.84179104579857733e-01 1.66533453693773481e-16 4.13552348049934517e-16 1.18511037258402008e-01 2.94298332503013960e-01
0.98999999999999999 28 -3.95338751819486633e-01 -3.95338751819486856e-01 -2.68729078013560052e-01 2.22044604925031308e-16 5.61656563904005633e-16 1.26609673805926581e-01 3.20256168218331139e-01
0.98999999999999999 29 -3.80470406679391637e-01 -3.80470406679391915e-01 -2.48529894623075065e-01 2.77555756156289135e-16 7.29506819147106837e-16 1.31940512056316572e-01 3.46782587397126973e-01
0.98999999999999999 30 -3.58615088379271807e-01 -3.58615088379272084e-01 -2.24116262751352380e-01 2.77555756156289135e-16 7.73965639345173887e-16 1.34498825627919427e-01 3.75050660126361679e-01
0.98999999999999999 31 -3.30408160865886258e-01 -3.30408160865886591e-01 -1.96080137705223229e-01 3.33066907387546962e-16 1.00804685488001589e-15 1.34328023160663029e-01 4.06551771628870906e-01
0.98999999999999999 32 -2.96577789170246908e-01 -2.96577789170247241e-01 -1.65059813855713972e-01 3.33066907387546962e-16 1.12303388706007901e-15 1.31517975314532937e-01 4.43451870359167832e-01
0.98999999999999999 33 -2.57930896527182596e-01 -2.57930896527182929e-01 -1.31728321668122705e-01 3.33066907387546962e-16 1.29130287170713580e-15 1.26202574859059891e-01 4.89288319306716957e-01
0.98999999999999999 34 -2.15337921294996348e-01 -2.15337921294996570e-01 -9.67813446767063629e-02 2.22044604925031308e-16 1.03114492602929578e-15 1.18556576618289986e-01 5.50560606814238795e-01
0.98999999999999999 35 -1.69716654906771180e-01 -1.69716654906771319e-01 -6.09248776614182627e-02 1.38777878078144568e-16 8.17703354773154608e-16 1.08791777245352911e-01 6.41020041934684870e-01
0.98999999999999999 36 -1.22015456335335393e-01 -1.22015456335335476e-01 -2.48628496426768729e-02 8.32667268468867405e-17 6.82427696848869523e-16 9.71526066926585163e-02 7.96231966101522026e-01
0.98999999999999999 37 -7.31961473705655674e-02 -7.31961473705655952e-02 1.07150662739135139e-02 2.77555756156289135e-17 3.79194487861669735e-16 8.39112136444790796e-02 1.14638839144998994e+00
0.98999999999999999 38 -2.42168962593969465e-02 -2.42168962593969361e-02 4.51452396741348003e-02 1.04083408558608426e-17 4.29796648768401378e-16 6.93621359335317433e-02 2.86420419819971661e+00
0.98999999999999999 39 2.39846050827605753e-02 2.39846050827606135e-02 7.78012590243739172e-02 3.81639164714897561e-17 1.59118385897130531e-15 5.38166539416133419e-02 2.24379987729275410e+00
0.98999999999999999 40 7.05073729409796401e-02 7.05073729409797095e-02 1.08104303025125664e-01 6.93889390390722838e-17 9.84137348262236788e-16 3.75969300841460241e-02 5.33234022427947929e-01
0.98999999999999999 41 1.14502488605530098e-01 1.14502488605530209e-01 1.35532529234387078e-01 1.11022302462515654e-16 9.69606021795701353e-16 2.10300406288569802e-02 1.83664485243697106e-01
0.98999999999999999 42 1.55187314241339108e-01 1.55187314241339275e-01 1.59629321503796051e-01 1.66533453693773481e-16 1.07311254471992118e-15 4.44200726245694288e-03 2.86235204479985267e-02
0.98999999999999999 43 1.91858324929684243e-01 1.91858324929684521e-01 1.80010259923260002e-01 2.77555756156289135e-16 1.44667038168926401e-15 1.18480650064242410e-02 6.17542398056823288e-02
0.98999999999999999 44 2.23902341223093659e-01 2.23902341223094048e-01 1.96368701421071656e-01 3.88578058618804789e-16 1.73548010483566226e-15 2.75336398020220030e-02 1.22971647601432657e-01
0.98999999999999999 45 2.50805977516903922e-01 2.50805977516904366e-01 2.08479885457492964e-01 4.44089209850062616e-16 1.77064842810666951e-15 4.23260920594109580e-02 1.68760300206793307e-01
0.98999999999999999 46 2.72163155640405663e-01 2.72163155640406107e-01 2.16203506889506875e-01 4.44089209850062616e-16 1.63170216337737314e-15 5.59596487508987883e-02 2.05610669891097303e-01
0.98999999999999999 47 2.87680569660309915e-01 2.87680569660310359e-01 2.19484726558983406e-01 4.44089209850062616e-16 1.54368857922673853e-15 6.81958431013265087e-02 2.37054046374600202e-01
0.98999999999999999 48 2.97181026280272542e-01 2.97181026280272931e-01 2.18353618938865984e-01 3.88578058618804789e-16 1.30754666097806439e-15 7.88274073414065579e-02 2.65250471499025420e-01
0.98999999999999999 49 3.00604624693871392e-01 3.00604624693871669e-01 2.12923084732001944e-01 2.77555756156289135e-16 9.23324970262667485e-16 8.76815399618694480e-02 2.91683935505524072e-01
0.98999999999999999 50 2.98007779570259534e-01 2.98007779570259812e-01 2.03385284131581606e-01 2.77555756156289135e-16 9.31370840575158321e-16 9.46224954386779282e-02 3.17516863402451333e-01

